0 0 -20.0001976793743417
0 1 -0.7983411145782457
0 2 0.8331452100135263
0 3 -0.3913516420768873
0 4 0.0984938707484011
0 5 0.6703371657764000
0 6 -0.4404779807210061
0 7 -0.4105392714089487
0 8 -0.0984938707484011
0 9 0.6703371657764000
0 12 -0.7983411145782457
0 13 0.3629998673156118
0 14 0.6287342133314007
0 15 0.9979425632698761
0 16 0.8727551074680914
0 17 -0.0937261627192578
0 18 -0.0937261627192578
0 19 1.0983480031484683
0 20 -1.3560156650161861
0 22 -0.3936584472944480
0 24 0.4924693537420057
0 25 0.1835987436607290
0 26 0.4404779807210061
0 27 -0.4105392714089487
0 30 -0.4924693537420057
0 31 0.1835987436607290
0 32 -0.3913516420768873
0 36 -0.8727551074680914
0 37 -0.4686308135962888
0 38 -0.4686308135962888
0 39 -1.8713509887516224
0 40 0.5830126794130323
0 41 0.6287342133314007
0 42 0.3629998673156118
0 43 0.9979425632698761
1 0 -0.7983411145782457
1 1 -12.9155881450289804
1 2 0.1011053641914217
1 3 0.3474447929215658
1 4 -0.3484697154995322
1 5 -0.1922049002582099
1 8 -0.0661793208194737
1 9 -0.2452239020439941
1 10 -0.4404779807210061
1 11 -0.4105392714089487
1 12 -0.5142044952244369
1 13 0.6229299342623614
1 15 -0.3848005096504984
1 17 0.1805020265391086
1 18 0.1525593765263688
1 19 1.3220951011348052
1 20 0.2256887934588583
1 21 -0.6287342133314007
1 23 0.3936584472944480
1 26 0.0493271533523701
1 27 -0.0519220627781111
1 28 0.4924693537420057
1 29 0.1835987436607290
1 32 0.4065143470015986
1 33 -0.4924693537420057
1 35 0.1835987436607290
1 39 0.1969598289062796
1 41 -0.2018074007089588
1 42 -0.0804397510743616
1 43 -0.2913629794972679
1 44 0.8727551074680914
1 45 0.4686308135962888
1 46 0.4686308135962888
1 47 -0.5830126794130323
2 0 0.8331452100135263
2 1 0.1011053641914217
2 2 -19.7255184526749154
2 3 -1.0224957100330649
2 4 0.0984938707484011
2 5 0.1195409347942128
2 6 0.2202389903605030
2 7 0.6826343211868554
2 8 -0.0984938707484011
2 9 0.1195409347942128
2 10 0.5133593354973722
2 11 0.7056519537228145
2 12 0.1011053641914217
2 16 -0.8727551074680914
2 17 0.3749046508770311
2 18 0.3749046508770311
2 19 -0.7118465103468912
2 20 1.7425171578177632
2 22 0.6683376739938721
2 23 -0.1969598289062796
2 26 -0.2202389903605030
2 27 0.6826343211868554
2 32 -1.0224957100330649
2 48 -0.1969598289062796
2 49 -0.8727551074680914
2 50 -0.4686308135962888
2 51 -0.4686308135962888
2 52 -1.8713509887516224
2 53 0.5830126794130323
2 57 0.5133593354973722
2 58 0.7056519537228145
3 0 -0.3913516420768873
3 1 0.3474447929215658
3 2 -1.0224957100330649
3 3 -11.2316453112064565
3 4 -0.3278088460904849
3 5 -1.0375607107891867
3 6 -0.3930058715646842
3 7 -0.3772635665691301
3 10 0.2785827356460231
3 11 -0.8604400973550779
3 12 0.4065143470015986
3 13 -0.2834410173538237
3 14 0.1716928731672461
3 15 0.5197804033771278
3 19 -0.0799308086264302
3 21 0.3976464314002857
3 22 0.0799308086264302
3 23 0.3474447929215658
3 24 -0.2580497168263055
3 25 -0.1886657582489533
3 28 -0.6229299342623614
3 29 -0.3848005096504984
3 39 1.0224957100330649
3 48 0.4065143470015986
3 52 0.3913516420768873
3 54 -0.2018074007089588
3 55 -0.0804397510743616
3 56 -0.2913629794972679
3 60 0.6287342133314007
3 61 0.3629998673156118
3 63 0.9979425632698761
4 0 0.0984938707484011
4 1 -0.3484697154995322
4 2 0.0984938707484011
4 3 -0.3278088460904849
4 4 -17.1890545356969078
4 5 -0.0215988260697719
4 6 0.3685208537441925
4 8 0.7870262287405371
4 9 0.2269020457409739
4 10 0.6664940334930611
4 12 0.0661793208194737
4 14 0.6826343211868554
4 16 0.4924693537420057
4 17 0.7814551333136529
4 18 0.4142576459921948
4 19 0.1537137894739458
4 20 0.1537137894739458
4 21 -0.7056519537228145
4 24 0.6683376739938721
4 26 0.5866147158463797
4 27 0.1087096214148664
4 28 0.1969598289062796
4 42 -1.0224957100330649
4 49 -0.4924693537420057
4 51 -0.1835987436607290
4 55 -0.1969598289062796
4 57 -1.4267353473136482
4 58 -0.2806416996482677
4 59 -0.4686308135962888
4 61 1.8713509887516224
4 62 -0.5830126794130323
5 0 0.6703371657764000
5 1 -0.1922049002582099
5 2 0.1195409347942128
5 3 -1.0375607107891867
5 4 -0.0215988260697719
5 5 -12.0022616073096682
5 7 0.3685208537441925
5 8 -0.2269020457409739
5 9 -0.9498309386526880
5 11 0.6664940334930611
5 12 -0.2452239020439941
5 14 -0.2202389903605030
5 17 0.4073721708834208
5 18 -0.0508745655623919
5 19 -0.0921370641064308
5 20 0.2750604232150273
5 21 0.5133593354973722
5 25 0.6683376739938721
5 26 -0.2295359775921898
5 27 -0.1330640791577111
5 29 0.1969598289062796
5 43 1.0224957100330649
5 50 -0.4924693537420057
5 53 0.1835987436607290
5 56 0.1969598289062796
5 57 -0.2482493126452881
5 58 -0.3364369892892780
5 59 0.8727551074680914
5 62 0.4686308135962888
5 63 -1.8713509887516224
6 0 -0.4404779807210061
6 2 0.2202389903605030
6 3 -0.3930058715646842
6 4 0.3685208537441925
6 6 -17.0151394697619978
6 7 -0.0756340152469914
6 8 0.5866147158463797
6 9 0.2295359775921898
6 10 -0.0419250583036153
6 11 -0.1255067835469210
6 12 -0.0493271533523701
6 13 0.4511733315782523
6 14 1.0248243443714879
6 15 0.1774933954618802
6 16 -0.6607169710815093
6 18 0.1384442216310417
6 21 0.9467314421878495
6 22 0.6607169710815093
6 24 0.3685208537441925
6 30 0.5866147158463797
6 31 0.1087096214148664
6 34 0.3848005096504984
6 36 -0.2202389903605030
6 38 -0.6826343211868554
6 48 0.0493271533523701
6 49 0.4404779807210061
6 51 0.4105392714089487
6 55 -0.6664940334930611
6 64 -1.4267353473136482
6 65 -0.2806416996482677
6 66 -0.6287342133314007
6 69 0.9979425632698761
6 71 0.5133593354973722
6 73 -0.7056519537228145
7 0 -0.4105392714089487
7 2 0.6826343211868554
7 3 -0.3772635665691301
7 5 0.3685208537441925
7 6 -0.0756340152469914
7 7 -12.9284288855982012
7 8 -0.1087096214148664
7 9 -0.1330640791577111
7 10 0.2220409353769849
7 11 0.8970487774738800
7 12 -0.0519220627781111
7 13 -0.1129479849225417
7 14 0.6265419347850365
7 15 -0.2659767938209481
7 17 -0.6607169710815093
7 20 -0.1384442216310417
7 21 -0.6887438226337471
7 22 -0.1384442216310417
7 25 0.3685208537441925
7 30 -0.2295359775921898
7 31 -0.1330640791577111
7 34 -0.6229299342623614
7 37 -0.2202389903605030
7 40 0.6826343211868554
7 48 -0.6521814402343425
7 50 0.4404779807210061
7 53 -0.4105392714089487
7 56 0.6664940334930611
7 64 -0.2482493126452881
7 65 -0.3364369892892780
7 68 0.6287342133314007
7 69 0.3629998673156118
7 72 -0.5133593354973722
7 74 -0.7056519537228145
8 0 -0.0984938707484011
8 1 -0.0661793208194737
8 2 -0.0984938707484011
8 4 0.7870262287405371
8 5 -0.2269020457409739
8 6 0.5866147158463797
8 7 -0.1087096214148664
8 8 -17.1890545356969078
8 9 0.0215988260697719
8 10 1.4267353473136482
8 11 0.2806416996482677
8 12 0.3484697154995322
8 13 1.0224957100330649
8 16 -0.4924693537420057
8 17 -0.4142576459921948
8 18 -0.7814551333136529
8 19 -0.1537137894739458
8 20 -0.1537137894739458
8 26 0.3685208537441925
8 30 0.6683376739938721
8 32 0.3278088460904849
8 33 0.1969598289062796
8 41 -0.6826343211868554
8 49 0.4924693537420057
8 50 0.1835987436607290
8 57 -0.6664940334930611
8 64 -0.1969598289062796
8 66 0.4686308135962888
8 67 1.8713509887516224
8 68 -0.5830126794130323
8 75 -0.7056519537228145
9 0 0.6703371657764000
9 1 -0.2452239020439941
9 2 0.1195409347942128
9 4 0.2269020457409739
9 5 -0.9498309386526880
9 6 0.2295359775921898
9 7 -0.1330640791577111
9 8 0.0215988260697719
9 9 -12.0022616073096682
9 10 -0.2482493126452881
9 11 -0.3364369892892780
9 12 -0.1922049002582099
9 15 1.0224957100330649
9 17 -0.0508745655623919
9 18 0.4073721708834208
9 19 -0.0921370641064308
9 20 0.2750604232150273
9 27 0.3685208537441925
9 31 0.6683376739938721
9 32 -1.0375607107891867
9 35 0.1969598289062796
9 41 -0.2202389903605030
9 51 -0.4924693537420057
9 53 0.1835987436607290
9 58 0.6664940334930611
9 65 0.1969598289062796
9 66 0.8727551074680914
9 68 -0.4686308135962888
9 70 -1.8713509887516224
9 75 -0.5133593354973722
10 1 -0.4404779807210061
10 2 0.5133593354973722
10 3 0.2785827356460231
10 4 0.6664940334930611
10 6 -0.0419250583036153
10 7 0.2220409353769849
10 8 1.4267353473136482
10 9 -0.2482493126452881
10 10 -10.0449766142747094
10 11 -0.6320590208474193
10 13 0.7420154444188114
10 14 -0.7290932091077451
10 15 0.2521339489679668
10 16 0.0493271533523701
10 18 -0.6521814402343425
10 19 0.0493271533523701
10 21 -0.1723567211169314
10 23 -0.6607169710815093
10 28 0.3685208537441925
10 33 0.5866147158463797
10 34 -0.1886657582489533
10 35 0.1087096214148664
10 44 0.2202389903605030
10 46 0.6826343211868554
10 49 0.0493271533523701
10 51 0.0519220627781111
10 52 0.0493271533523701
10 61 0.6664940334930611
10 66 0.2018074007089588
10 67 1.4267353473136482
10 69 -0.2913629794972679
10 70 0.2806416996482677
10 76 0.5133593354973722
10 79 -0.7056519537228145
11 1 -0.4105392714089487
11 2 0.7056519537228145
11 3 -0.8604400973550779
11 5 0.6664940334930611
11 6 -0.1255067835469210
11 7 0.8970487774738800
11 8 0.2806416996482677
11 9 -0.3364369892892780
11 10 -0.6320590208474193
11 11 -4.6132628748804905
11 13 -0.1757166515881474
11 14 0.3925892627125146
11 15 -0.7137104541912299
11 17 0.0493271533523701
11 19 0.0519220627781111
11 20 0.6521814402343425
11 21 -0.4670320709608099
11 23 0.1384442216310417
11 29 0.3685208537441925
11 33 -0.2295359775921898
11 34 0.2580497168263055
11 35 -0.1330640791577111
11 45 0.2202389903605030
11 47 -0.6826343211868554
11 50 0.0493271533523701
11 52 -0.6521814402343425
11 53 -0.0519220627781111
11 63 -0.6664940334930611
11 67 0.2482493126452881
11 68 -0.2018074007089588
11 69 -0.0804397510743616
11 70 0.3364369892892780
11 78 -0.5133593354973722
11 80 -0.7056519537228145
12 0 -0.7983411145782457
12 1 -0.5142044952244369
12 2 0.1011053641914217
12 3 0.4065143470015986
12 4 0.0661793208194737
12 5 -0.2452239020439941
12 6 -0.0493271533523701
12 7 -0.0519220627781111
12 8 0.3484697154995322
12 9 -0.1922049002582099
12 12 -12.9155881450289804
12 13 -0.0804397510743616
12 14 -0.2018074007089588
12 15 -0.2913629794972679
12 17 0.1525593765263688
12 18 0.1805020265391086
12 19 1.3220951011348052
12 20 0.2256887934588583
12 32 0.3474447929215658
12 39 0.1969598289062796
12 42 0.6229299342623614
12 43 -0.3848005096504984
12 48 0.3936584472944480
12 55 -0.4924693537420057
12 56 0.1835987436607290
12 57 -0.4404779807210061
12 58 -0.4105392714089487
12 64 0.4924693537420057
12 65 0.1835987436607290
12 71 0.8727551074680914
12 72 -0.4686308135962888
12 73 -0.4686308135962888
12 74 -0.5830126794130323
12 75 0.6287342133314007
13 0 0.3629998673156118
13 1 0.6229299342623614
13 3 -0.2834410173538237
13 6 0.4511733315782523
13 7 -0.1129479849225417
13 8 1.0224957100330649
13 10 0.7420154444188114
13 11 -0.1757166515881474
13 12 -0.0804397510743616
13 13 -9.3838225391045693
13 14 -0.3436871798669372
13 15 -0.3565559023066242
13 16 -0.3278088460904849
13 17 -1.0375607107891867
13 19 0.2580497168263055
13 21 1.1051444479182426
13 30 -0.0799308086264302
13 33 0.3474447929215658
13 36 -0.2580497168263055
13 37 -0.1886657582489533
13 39 0.3278088460904849
13 44 0.6229299342623614
13 45 0.3848005096504984
13 54 0.0519220627781111
13 60 0.4105392714089487
13 64 -0.4065143470015986
13 67 0.3913516420768873
13 71 -0.0804397510743616
13 72 -0.2913629794972679
13 76 -0.3629998673156118
13 78 -0.9979425632698761
14 0 0.6287342133314007
14 3 0.1716928731672461
14 4 0.6826343211868554
14 5 -0.2202389903605030
14 6 1.0248243443714879
14 7 0.6265419347850365
14 10 -0.7290932091077451
14 11 0.3925892627125146
14 12 -0.2018074007089588
14 13 -0.3436871798669372
14 14 -10.6978098028176110
14 15 -0.2931745621228219
14 16 0.1087096214148664
14 17 0.5866147158463797
14 18 -0.1330640791577111
14 20 0.2295359775921898
14 21 0.1401772243142603
14 24 -0.1384442216310417
14 25 -0.6607169710815093
14 34 0.3474447929215658
14 36 0.2295359775921898
14 37 0.5866147158463797
14 38 -0.1330640791577111
14 40 0.1087096214148664
14 55 -0.6521814402343425
14 56 0.0493271533523701
14 59 0.4404779807210061
14 62 0.4105392714089487
14 69 0.3913516420768873
14 71 0.2482493126452881
14 72 1.4267353473136482
14 73 -0.3364369892892780
14 74 0.2806416996482677
14 77 0.6287342133314007
15 0 0.9979425632698761
15 1 -0.3848005096504984
15 3 0.5197804033771278
15 6 0.1774933954618802
15 7 -0.2659767938209481
15 9 1.0224957100330649
15 10 0.2521339489679668
15 11 -0.7137104541912299
15 12 -0.2913629794972679
15 13 -0.3565559023066242
15 14 -0.2931745621228219
15 15 -4.6808129259776203
15 18 0.3278088460904849
15 19 -0.1886657582489533
15 20 -1.0375607107891867
15 21 -0.0359737502990869
15 31 -0.0799308086264302
15 35 0.3474447929215658
15 38 0.2580497168263055
15 39 -1.0375607107891867
15 40 -0.1886657582489533
15 46 -0.6229299342623614
15 47 0.3848005096504984
15 54 0.0493271533523701
15 60 0.4404779807210061
15 65 0.4065143470015986
15 70 -0.3913516420768873
15 73 -0.0804397510743616
15 74 0.2913629794972679
15 79 -0.3629998673156118
15 80 0.9979425632698761
16 0 0.8727551074680914
16 2 -0.8727551074680914
16 4 0.4924693537420057
16 6 -0.6607169710815093
16 8 -0.4924693537420057
16 10 0.0493271533523701
16 13 -0.3278088460904849
16 14 0.1087096214148664
16 16 -17.2961965095456307
16 17 0.0900586486286990
16 18 0.0900586486286990
16 19 -0.6953825644020930
16 20 0.6953825644020930
16 21 0.2806416996482677
16 26 0.6607169710815093
16 36 0.6683376739938721
16 41 0.1087096214148664
16 42 -0.3278088460904849
16 44 -0.1969598289062796
16 49 -0.3936584472944480
16 57 0.0493271533523701
16 59 -0.1835987436607290
16 66 -0.1835987436607290
16 71 -0.1969598289062796
16 75 -0.2806416996482677
16 76 -1.8713509887516224
16 77 0.5830126794130323
17 0 -0.0937261627192578
17 1 0.1805020265391086
17 2 0.3749046508770311
17 4 0.7814551333136529
17 5 0.4073721708834208
17 7 -0.6607169710815093
17 8 -0.4142576459921948
17 9 -0.0508745655623919
17 11 0.0493271533523701
17 12 0.1525593765263688
17 13 -1.0375607107891867
17 14 0.5866147158463797
17 16 0.0900586486286990
17 17 -10.2207025745823294
17 18 -0.3968557716263991
17 19 -0.1692644123611619
17 20 -0.2593230609898609
17 21 -1.4267353473136482
17 26 -0.1384442216310417
17 37 0.6683376739938721
17 41 -0.1330640791577111
17 43 0.3278088460904849
17 45 -0.1969598289062796
17 50 -0.3936584472944480
17 57 -0.6521814402343425
17 59 0.4924693537420057
17 68 0.1835987436607290
17 72 0.1969598289062796
17 75 -0.3364369892892780
17 77 -0.4686308135962888
17 78 1.8713509887516224
18 0 -0.0937261627192578
18 1 0.1525593765263688
18 2 0.3749046508770311
18 4 0.4142576459921948
18 5 -0.0508745655623919
18 6 0.1384442216310417
18 8 -0.7814551333136529
18 9 0.4073721708834208
18 10 -0.6521814402343425
18 12 0.1805020265391086
18 14 -0.1330640791577111
18 15 0.3278088460904849
18 16 0.0900586486286990
18 17 -0.3968557716263991
18 18 -10.2207025745823312
18 19 -0.1692644123611619
18 20 -0.2593230609898609
18 21 0.3364369892892780
18 27 -0.6607169710815093
18 38 0.6683376739938721
18 41 0.5866147158463797
18 42 -1.0375607107891867
18 46 -0.1969598289062796
18 51 -0.3936584472944480
18 58 0.0493271533523701
18 62 -0.1835987436607290
18 66 0.4924693537420057
18 73 0.1969598289062796
18 75 1.4267353473136482
18 77 -0.4686308135962888
18 79 1.8713509887516224
19 0 1.0983480031484683
19 1 1.3220951011348052
19 2 -0.7118465103468912
19 3 -0.0799308086264302
19 4 0.1537137894739458
19 5 -0.0921370641064308
19 8 -0.1537137894739458
19 9 -0.0921370641064308
19 10 0.0493271533523701
19 11 0.0519220627781111
19 12 1.3220951011348052
19 13 0.2580497168263055
19 15 -0.1886657582489533
19 16 -0.6953825644020930
19 17 -0.1692644123611619
19 18 -0.1692644123611619
19 19 -8.1487536219920607
19 20 0.8728695426226144
19 21 -0.2018074007089588
19 32 -0.0799308086264302
19 39 0.6683376739938721
19 42 0.2580497168263055
19 43 -0.1886657582489533
19 52 -0.3936584472944480
19 57 0.0493271533523701
19 58 0.0519220627781111
19 61 -0.4924693537420057
19 63 0.1835987436607290
19 67 0.4924693537420057
19 70 0.1835987436607290
19 75 0.2018074007089588
19 76 -0.8727551074680914
19 78 0.4686308135962888
19 79 0.4686308135962888
19 80 0.5830126794130323
20 0 -1.3560156650161861
20 1 0.2256887934588583
20 2 1.7425171578177632
20 4 0.1537137894739458
20 5 0.2750604232150273
20 7 -0.1384442216310417
20 8 -0.1537137894739458
20 9 0.2750604232150273
20 11 0.6521814402343425
20 12 0.2256887934588583
20 14 0.2295359775921898
20 15 -1.0375607107891867
20 16 0.6953825644020930
20 17 -0.2593230609898609
20 18 -0.2593230609898609
20 19 0.8728695426226144
20 20 -5.9569162794134858
20 21 0.2482493126452881
20 27 -0.1384442216310417
20 40 0.6683376739938721
20 41 0.2295359775921898
20 43 -1.0375607107891867
20 47 -0.1969598289062796
20 53 -0.3936584472944480
20 58 0.6521814402343425
20 62 -0.4924693537420057
20 68 0.4924693537420057
20 74 -0.1969598289062796
20 75 -0.2482493126452881
20 77 -0.8727551074680914
20 80 -1.8713509887516224
21 1 -0.6287342133314007
21 3 0.3976464314002857
21 4 -0.7056519537228145
21 5 0.5133593354973722
21 6 0.9467314421878495
21 7 -0.6887438226337471
21 10 -0.1723567211169314
21 11 -0.4670320709608099
21 13 1.1051444479182426
21 14 0.1401772243142603
21 15 -0.0359737502990869
21 16 0.2806416996482677
21 17 -1.4267353473136482
21 18 0.3364369892892780
21 19 -0.2018074007089588
21 20 0.2482493126452881
21 21 -3.6223797727880482
21 28 0.1384442216310417
21 29 0.6607169710815093
21 34 -0.0799308086264302
21 44 0.2295359775921898
21 45 0.5866147158463797
21 46 -0.1330640791577111
21 47 0.1087096214148664
21 59 -0.0493271533523701
21 61 -0.6521814402343425
21 62 -0.0519220627781111
21 63 0.0493271533523701
21 69 0.4065143470015986
21 76 -0.2482493126452881
21 77 0.2018074007089588
21 78 -1.4267353473136482
21 79 0.3364369892892780
21 80 -0.2806416996482677
22 0 -0.3936584472944480
22 2 0.6683376739938721
22 3 0.0799308086264302
22 6 0.6607169710815093
22 7 -0.1384442216310417
22 22 -20.1650052153939932
22 23 -1.0964063076759469
22 24 -0.4924693537420056
22 25 0.3671974873214581
22 26 -0.6607169710815093
22 27 -0.1384442216310417
22 28 0.6887438226337471
22 29 0.9467314421878495
22 30 0.4924693537420057
22 31 0.3671974873214582
22 32 0.0799308086264302
22 33 -0.2295812742112490
22 34 -0.3976464314002857
22 35 -0.6311542947918996
22 36 -0.8727551074680914
22 37 0.3749046508770311
22 38 0.3749046508770311
22 39 -0.7118465103468912
22 40 1.7425171578177632
22 48 -1.0964063076759469
22 49 0.8727551074680914
22 50 -0.0937261627192578
22 51 -0.0937261627192578
22 52 1.0983480031484683
22 53 -1.3560156650161861
22 54 -0.3976464314002857
22 55 -0.2295812742112490
22 56 -0.6311542947918996
22 64 0.6887438226337471
22 65 0.9467314421878495
23 1 0.3936584472944480
23 2 -0.1969598289062796
23 3 0.3474447929215658
23 10 -0.6607169710815093
23 11 0.1384442216310417
23 22 -1.0964063076759469
23 23 -11.9292613408686226
23 24 -0.3925892627125146
23 25 -0.7290932091077451
23 26 -0.0493271533523701
23 27 -0.6521814402343425
23 28 0.6519792175662322
23 29 -1.2196651105760146
23 30 0.0661793208194737
23 31 0.5601085612303089
23 32 0.4065143470015986
23 33 0.0120405948913796
23 34 0.1716928731672461
23 35 0.4578662652453163
23 39 -0.1011053641914217
23 44 -0.8727551074680914
23 45 0.3749046508770311
23 46 0.3749046508770311
23 47 1.7425171578177632
23 48 -0.5142044952244369
23 50 -0.1805020265391086
23 51 -0.1525593765263688
23 52 0.5726523211193875
23 53 -0.2256887934588583
23 60 -0.3976464314002857
23 61 -0.2295812742112490
23 63 -0.6311542947918996
23 67 0.6887438226337471
23 70 0.9467314421878495
24 0 0.4924693537420057
24 3 -0.2580497168263055
24 4 0.6683376739938721
24 6 0.3685208537441925
24 14 -0.1384442216310417
24 22 -0.4924693537420056
24 23 -0.3925892627125146
24 24 -17.1890545356969078
24 25 -0.1296692044242107
24 26 0.5866147158463797
24 27 0.2295359775921898
24 28 0.0591803058878065
24 29 -0.1255067835469210
24 30 0.7870262287405371
24 31 0.2269020457409739
24 34 0.8604400973550779
24 36 -0.0984938707484011
24 37 0.7814551333136529
24 38 0.6619141985194401
24 39 0.1537137894739458
24 40 0.1537137894739458
24 42 0.0799308086264302
24 44 -0.2295812742112490
24 46 0.6311542947918996
24 48 -0.0661793208194737
24 49 -0.0984938707484011
24 51 -0.6703371657764000
24 54 -1.1051444479182426
24 55 -1.3352911948858417
24 56 -0.2510135670938421
24 59 -0.0937261627192578
24 61 -1.0983480031484683
24 62 1.3560156650161861
24 71 -0.6887438226337471
24 73 0.9467314421878495
25 0 0.1835987436607290
25 3 -0.1886657582489533
25 5 0.6683376739938721
25 7 0.3685208537441925
25 14 -0.6607169710815093
25 22 0.3671974873214581
25 23 -0.7290932091077451
25 24 -0.1296692044242107
25 25 -12.6598128100832383
25 26 -0.1087096214148664
25 27 -0.1330640791577111
25 28 0.2220409353769849
25 29 0.9981541416653019
25 30 -0.2269020457409739
25 31 -0.9498309386526880
25 34 0.2785827356460231
25 37 -0.1835910536069860
25 38 -0.0508745655623919
25 39 -0.0921370641064308
25 40 0.0274038706877820
25 43 -0.0799308086264302
25 45 -0.2295812742112490
25 47 -0.6311542947918996
25 48 0.5601085612303089
25 50 -0.0984938707484011
25 53 0.6703371657764000
25 54 -0.0359737502990869
25 55 -0.0487121044316779
25 56 0.6220061525672046
25 59 -0.8727551074680914
25 62 0.0937261627192578
25 63 1.0983480031484683
25 72 0.6887438226337471
25 74 0.9467314421878495
26 0 0.4404779807210061
26 1 0.0493271533523701
26 2 -0.2202389903605030
26 4 0.5866147158463797
26 5 -0.2295359775921898
26 8 0.3685208537441925
26 16 0.6607169710815093
26 17 -0.1384442216310417
26 22 -0.6607169710815093
26 23 -0.0493271533523701
26 24 0.5866147158463797
26 25 -0.1087096214148664
26 26 -17.0151394697620013
26 27 0.0756340152469914
26 28 1.4267353473136482
26 29 0.2806416996482677
26 30 0.3685208537441925
26 32 0.3930058715646842
26 33 0.6664940334930611
26 36 0.2202389903605030
26 37 0.6826343211868554
26 41 -1.0248243443714879
26 42 -0.4511733315782523
26 43 -0.1774933954618802
26 44 -0.5133593354973722
26 45 -0.7056519537228145
26 49 -0.4404779807210061
26 50 -0.4105392714089487
26 54 -0.3848005096504984
26 57 0.0419250583036153
26 58 0.1255067835469210
26 59 0.6287342133314007
26 60 0.9979425632698761
26 75 0.9467314421878495
27 0 -0.4105392714089487
27 1 -0.0519220627781111
27 2 0.6826343211868554
27 4 0.1087096214148664
27 5 -0.1330640791577111
27 9 0.3685208537441925
27 18 -0.6607169710815093
27 20 -0.1384442216310417
27 22 -0.1384442216310417
27 23 -0.6521814402343425
27 24 0.2295359775921898
27 25 -0.1330640791577111
27 26 0.0756340152469914
27 27 -12.9284288855981995
27 28 -0.2482493126452881
27 29 -0.3364369892892780
27 31 0.3685208537441925
27 32 -0.3772635665691301
27 35 0.6664940334930611
27 38 -0.2202389903605030
27 40 0.6826343211868554
27 41 0.6265419347850365
27 42 -0.1129479849225417
27 43 -0.2659767938209481
27 46 0.5133593354973722
27 47 -0.7056519537228145
27 51 0.4404779807210061
27 53 -0.4105392714089487
27 54 -0.6229299342623614
27 57 0.2220409353769849
27 58 0.8970487774738800
27 60 -0.3629998673156118
27 62 -0.6287342133314007
27 75 0.6887438226337471
28 1 0.4924693537420057
28 3 -0.6229299342623614
28 4 0.1969598289062796
28 10 0.3685208537441925
28 21 0.1384442216310417
28 22 0.6887438226337471
28 23 0.6519792175662322
28 24 0.0591803058878065
28 25 0.2220409353769849
28 26 1.4267353473136482
28 27 -0.2482493126452881
28 28 -10.1930466418596808
28 29 -0.6860942100246386
28 33 0.7870262287405371
28 34 -0.3772635665691301
28 35 0.2269020457409739
28 36 0.0661793208194737
28 38 -0.5601085612303089
28 39 0.0661793208194737
28 42 -0.4065143470015986
28 44 -0.4060160778849842
28 45 -0.7814551333136529
28 46 0.1631495540473344
28 47 -0.1537137894739458
28 49 -0.0661793208194737
28 51 0.2452239020439941
28 52 -0.0661793208194737
28 55 0.5142044952244369
28 59 0.1805020265391086
28 60 1.1051444479182426
28 61 0.8115372083292822
28 62 -0.2256887934588583
28 63 0.2510135670938421
28 76 -0.6887438226337471
28 79 0.9467314421878495
29 1 0.1835987436607290
29 3 -0.3848005096504984
29 5 0.1969598289062796
29 11 0.3685208537441925
29 21 0.6607169710815093
29 22 0.9467314421878495
29 23 -1.2196651105760146
29 24 -0.1255067835469210
29 25 0.9981541416653019
29 26 0.2806416996482677
29 27 -0.3364369892892780
29 28 -0.6860942100246386
29 29 -4.3188017610155933
29 33 -0.2269020457409739
29 34 0.3930058715646842
29 35 -0.9498309386526880
29 37 0.0661793208194737
29 39 -0.2452239020439941
29 40 0.5601085612303089
29 43 0.4065143470015986
29 45 -0.3209188950263993
29 46 0.0508745655623919
29 47 -0.8524676232545565
29 50 -0.0661793208194737
29 52 0.5601085612303089
29 53 -0.2452239020439941
29 56 -0.5142044952244369
29 60 0.0359737502990869
29 61 0.0487121044316779
29 62 -0.1525593765263688
29 63 -0.0982521660106450
29 78 0.6887438226337471
29 80 0.9467314421878495
30 0 -0.4924693537420057
30 6 0.5866147158463797
30 7 -0.2295359775921898
30 8 0.6683376739938721
30 13 -0.0799308086264302
30 22 0.4924693537420057
30 23 0.0661793208194737
30 24 0.7870262287405371
30 25 -0.2269020457409739
30 26 0.3685208537441925
30 30 -17.1890545356969078
30 31 0.1296692044242107
30 32 0.2580497168263055
30 33 1.3352911948858417
30 34 1.1051444479182426
30 35 0.2510135670938421
30 36 0.0984938707484011
30 37 -0.6619141985194401
30 38 -0.7814551333136529
30 39 -0.1537137894739458
30 40 -0.1537137894739458
30 41 0.1384442216310417
30 44 0.6887438226337471
30 45 0.9467314421878495
30 48 0.3925892627125146
30 49 0.0984938707484011
30 50 0.6703371657764000
30 54 -0.8604400973550779
30 64 -0.0591803058878065
30 65 0.1255067835469210
30 66 0.0937261627192578
30 67 -1.0983480031484683
30 68 1.3560156650161861
30 71 0.2295812742112490
30 72 0.6311542947918996
31 0 0.1835987436607290
31 6 0.1087096214148664
31 7 -0.1330640791577111
31 9 0.6683376739938721
31 15 -0.0799308086264302
31 22 0.3671974873214582
31 23 0.5601085612303089
31 24 0.2269020457409739
31 25 -0.9498309386526880
31 27 0.3685208537441925
31 30 0.1296692044242107
31 31 -12.6598128100832383
31 32 -0.1886657582489533
31 33 -0.0487121044316779
31 34 -0.0359737502990869
31 35 0.6220061525672046
31 37 -0.0508745655623919
31 38 -0.1835910536069860
31 39 -0.0921370641064308
31 40 0.0274038706877820
31 41 -0.6607169710815093
31 46 -0.6887438226337471
31 47 0.9467314421878495
31 48 -0.7290932091077451
31 51 -0.0984938707484011
31 53 0.6703371657764000
31 54 0.2785827356460231
31 64 0.2220409353769849
31 65 0.9981541416653019
31 66 -0.8727551074680914
31 68 -0.0937261627192578
31 70 1.0983480031484683
31 73 0.2295812742112490
31 74 -0.6311542947918996
32 0 -0.3913516420768873
32 1 0.4065143470015986
32 2 -1.0224957100330649
32 8 0.3278088460904849
32 9 -1.0375607107891867
32 12 0.3474447929215658
32 19 -0.0799308086264302
32 22 0.0799308086264302
32 23 0.4065143470015986
32 26 0.3930058715646842
32 27 -0.3772635665691301
32 30 0.2580497168263055
32 31 -0.1886657582489533
32 32 -11.2316453112064565
32 33 -0.0804397510743616
32 34 -0.2018074007089588
32 35 -0.2913629794972679
32 39 1.0224957100330649
32 41 0.1716928731672461
32 42 -0.2834410173538237
32 43 0.5197804033771278
32 48 0.3474447929215658
32 52 0.3913516420768873
32 57 0.2785827356460231
32 58 -0.8604400973550779
32 64 -0.6229299342623614
32 65 -0.3848005096504984
32 67 -0.3629998673156118
32 69 -0.6287342133314007
32 70 0.9979425632698761
32 75 -0.3976464314002857
33 1 -0.4924693537420057
33 8 0.1969598289062796
33 10 0.5866147158463797
33 11 -0.2295359775921898
33 13 0.3474447929215658
33 22 -0.2295812742112490
33 23 0.0120405948913796
33 26 0.6664940334930611
33 28 0.7870262287405371
33 29 -0.2269020457409739
33 30 1.3352911948858417
33 31 -0.0487121044316779
33 32 -0.0804397510743616
33 33 -8.7538707506942455
33 34 -0.3436871798669372
33 35 -0.2755031185407950
33 36 -0.3925892627125146
33 37 -0.7290932091077451
33 39 0.3484697154995322
33 41 -0.6521814402343425
33 44 -0.2580037345726277
33 45 1.5143818217739966
33 46 0.7814551333136529
33 47 0.1537137894739458
33 49 -0.3484697154995322
33 50 -0.1922049002582099
33 52 0.3925892627125146
33 60 0.8604400973550779
33 64 0.5142044952244369
33 66 -0.1525593765263688
33 67 -0.4645736806687530
33 68 -0.2256887934588583
33 70 -0.1255067835469210
33 76 0.2295812742112490
33 78 0.6311542947918996
34 6 0.3848005096504984
34 7 -0.6229299342623614
34 10 -0.1886657582489533
34 11 0.2580497168263055
34 14 0.3474447929215658
34 21 -0.0799308086264302
34 22 -0.3976464314002857
34 23 0.1716928731672461
34 24 0.8604400973550779
34 25 0.2785827356460231
34 28 -0.3772635665691301
34 29 0.3930058715646842
34 30 1.1051444479182426
34 31 -0.0359737502990869
34 32 -0.2018074007089588
34 33 -0.3436871798669372
34 34 -10.2828780757309897
34 35 -0.2931745621228219
34 36 0.1757166515881474
34 37 0.7420154444188114
34 38 -0.7137104541912299
34 40 0.2521339489679668
34 42 0.0519220627781111
34 43 0.0493271533523701
34 44 0.1129479849225417
34 45 0.4511733315782523
34 46 -0.2659767938209481
34 47 0.1774933954618802
34 49 0.2521339489679668
34 50 0.7420154444188114
34 51 -0.7137104541912299
34 53 0.1757166515881474
34 59 -0.2785827356460231
34 62 0.8604400973550779
34 66 0.0359737502990869
34 68 1.1051444479182426
34 69 0.9619964039685210
34 77 -0.3976464314002857
35 1 0.1835987436607290
35 9 0.1969598289062796
35 10 0.1087096214148664
35 11 -0.1330640791577111
35 15 0.3474447929215658
35 22 -0.6311542947918996
35 23 0.4578662652453163
35 27 0.6664940334930611
35 28 0.2269020457409739
35 29 -0.9498309386526880
35 30 0.2510135670938421
35 31 0.6220061525672046
35 32 -0.2913629794972679
35 33 -0.2755031185407950
35 34 -0.2931745621228219
35 35 -5.1225045967749665
35 38 0.3925892627125146
35 39 -0.1922049002582099
35 40 -0.7290932091077451
35 41 0.0493271533523701
35 45 0.0508745655623919
35 46 0.3431009174312126
35 47 0.8250637525667747
35 51 0.3484697154995322
35 52 -0.7290932091077451
35 53 -0.1922049002582099
35 60 -0.2785827356460231
35 65 -0.5142044952244369
35 67 -0.2220409353769849
35 68 0.1805020265391086
35 70 -0.4744001551087422
35 79 0.2295812742112490
35 80 -0.6311542947918996
36 0 -0.8727551074680914
36 6 -0.2202389903605030
36 13 -0.2580497168263055
36 14 0.2295359775921898
36 16 0.6683376739938721
36 22 -0.8727551074680914
36 24 -0.0984938707484011
36 26 0.2202389903605030
36 28 0.0661793208194737
36 30 0.0984938707484011
36 33 -0.3925892627125146
36 34 0.1757166515881474
36 36 -16.8567097468265530
36 37 -0.0180117297257398
36 38 -0.0180117297257398
36 39 -0.6953825644020930
36 40 0.6953825644020930
36 41 0.2295359775921898
36 42 -0.2580497168263055
36 44 -0.2980651930977013
36 45 0.1255067835469210
36 46 0.2510135670938421
36 49 0.8331452100135263
36 54 0.1757166515881474
36 55 -0.3925892627125146
36 59 -0.6703371657764000
36 64 0.0661793208194737
36 66 -0.6703371657764000
36 71 -0.2980651930977013
36 72 -0.2510135670938421
36 73 -0.1255067835469210
36 76 1.0983480031484683
36 77 -1.3560156650161861
37 0 -0.4686308135962888
37 7 -0.2202389903605030
37 13 -0.1886657582489533
37 14 0.5866147158463797
37 17 0.6683376739938721
37 22 0.3749046508770311
37 24 0.7814551333136529
37 25 -0.1835910536069860
37 26 0.6826343211868554
37 29 0.0661793208194737
37 30 -0.6619141985194401
37 31 -0.0508745655623919
37 33 -0.7290932091077451
37 34 0.7420154444188114
37 36 -0.0180117297257398
37 37 -10.4387670146368237
37 38 -0.3968557716263991
37 39 -0.1692644123611619
37 40 -0.1512526826354221
37 41 -0.1330640791577111
37 43 0.2580497168263055
37 44 -0.2220409353769849
37 45 -1.2370390288751967
37 47 -0.2510135670938421
37 50 0.8331452100135263
37 54 -0.7137104541912299
37 56 0.3925892627125146
37 59 0.0984938707484011
37 64 -0.5601085612303089
37 68 0.6703371657764000
37 71 -0.0487121044316779
37 72 -0.4152198492209359
37 74 -0.1255067835469210
37 77 -0.0937261627192578
37 78 -1.0983480031484683
38 0 -0.4686308135962888
38 6 -0.6826343211868554
38 14 -0.1330640791577111
38 15 0.2580497168263055
38 18 0.6683376739938721
38 22 0.3749046508770311
38 24 0.6619141985194401
38 25 -0.0508745655623919
38 27 -0.2202389903605030
38 28 -0.5601085612303089
38 30 -0.7814551333136529
38 31 -0.1835910536069860
38 34 -0.7137104541912299
38 35 0.3925892627125146
38 36 -0.0180117297257398
38 37 -0.3968557716263991
38 38 -10.4387670146368237
38 39 -0.1692644123611619
38 40 -0.1512526826354221
38 41 0.5866147158463797
38 42 -0.1886657582489533
38 44 -0.0487121044316779
38 46 0.4152198492209359
38 47 -0.1255067835469210
38 51 0.8331452100135263
38 54 0.7420154444188114
38 55 -0.7290932091077451
38 62 -0.6703371657764000
38 65 0.0661793208194737
38 66 0.0984938707484011
38 71 -0.2220409353769849
38 73 1.2370390288751967
38 74 -0.2510135670938421
38 77 -0.0937261627192578
38 79 -1.0983480031484683
39 0 -1.8713509887516224
39 1 0.1969598289062796
39 3 1.0224957100330649
39 12 0.1969598289062796
39 13 0.3278088460904849
39 15 -1.0375607107891867
39 19 0.6683376739938721
39 22 -0.7118465103468912
39 23 -0.1011053641914217
39 24 0.1537137894739458
39 25 -0.0921370641064308
39 28 0.0661793208194737
39 29 -0.2452239020439941
39 30 -0.1537137894739458
39 31 -0.0921370641064308
39 32 1.0224957100330649
39 33 0.3484697154995322
39 35 -0.1922049002582099
39 36 -0.6953825644020930
39 37 -0.1692644123611619
39 38 -0.1692644123611619
39 39 -6.3941644537258373
39 40 0.8728695426226144
39 42 0.3278088460904849
39 43 -1.0375607107891867
39 45 -0.1525593765263688
39 46 -0.1805020265391086
39 47 -0.2256887934588583
39 48 -0.1011053641914217
39 52 0.8331452100135263
39 55 0.3484697154995322
39 56 -0.1922049002582099
39 61 -0.0984938707484011
39 63 0.6703371657764000
39 64 0.0661793208194737
39 65 -0.2452239020439941
39 67 0.0984938707484011
39 70 0.6703371657764000
39 72 0.1805020265391086
39 73 0.1525593765263688
39 74 -0.2256887934588583
39 76 0.8727551074680914
39 78 0.0937261627192578
39 79 0.0937261627192578
39 80 -1.3560156650161861
40 0 0.5830126794130323
40 7 0.6826343211868554
40 14 0.1087096214148664
40 15 -0.1886657582489533
40 20 0.6683376739938721
40 22 1.7425171578177632
40 24 0.1537137894739458
40 25 0.0274038706877820
40 27 0.6826343211868554
40 29 0.5601085612303089
40 30 -0.1537137894739458
40 31 0.0274038706877820
40 34 0.2521339489679668
40 35 -0.7290932091077451
40 36 0.6953825644020930
40 37 -0.1512526826354221
40 38 -0.1512526826354221
40 39 0.8728695426226144
40 40 -6.8325319222415510
40 41 0.1087096214148664
40 43 -0.1886657582489533
40 45 0.0487121044316779
40 46 0.2220409353769849
40 47 -0.5237539865565595
40 53 0.8331452100135263
40 54 0.2521339489679668
40 56 -0.7290932091077451
40 62 -0.0984938707484011
40 65 0.5601085612303089
40 68 0.0984938707484011
40 72 -0.2220409353769849
40 73 -0.0487121044316779
40 74 -0.5237539865565596
40 77 0.8727551074680914
40 80 1.0983480031484683
41 0 0.6287342133314007
41 1 -0.2018074007089588
41 8 -0.6826343211868554
41 9 -0.2202389903605030
41 16 0.1087096214148664
41 17 -0.1330640791577111
41 18 0.5866147158463797
41 20 0.2295359775921898
41 26 -1.0248243443714879
41 27 0.6265419347850365
41 30 0.1384442216310417
41 31 -0.6607169710815093
41 32 0.1716928731672461
41 33 -0.6521814402343425
41 35 0.0493271533523701
41 36 0.2295359775921898
41 37 -0.1330640791577111
41 38 0.5866147158463797
41 40 0.1087096214148664
41 41 -10.6978098028176110
41 42 -0.3436871798669372
41 43 -0.2931745621228219
41 44 0.2482493126452881
41 45 0.3364369892892780
41 46 -1.4267353473136482
41 47 0.2806416996482677
41 54 0.3474447929215658
41 57 -0.7290932091077451
41 58 0.3925892627125146
41 60 -0.3913516420768873
41 66 0.4404779807210061
41 68 -0.4105392714089487
41 75 -0.1401772243142603
41 77 0.6287342133314007
42 0 0.3629998673156118
42 1 -0.0804397510743616
42 4 -1.0224957100330649
42 12 0.6229299342623614
42 16 -0.3278088460904849
42 18 -1.0375607107891867
42 19 0.2580497168263055
42 24 0.0799308086264302
42 26 -0.4511733315782523
42 27 -0.1129479849225417
42 28 -0.4065143470015986
42 32 -0.2834410173538237
42 34 0.0519220627781111
42 36 -0.2580497168263055
42 38 -0.1886657582489533
42 39 0.3278088460904849
42 41 -0.3436871798669372
42 42 -9.3838225391045693
42 43 -0.3565559023066242
42 44 -0.0804397510743616
42 46 0.2913629794972679
42 55 0.3474447929215658
42 57 0.7420154444188114
42 58 -0.1757166515881474
42 61 -0.3913516420768873
42 69 -0.4105392714089487
42 71 0.6229299342623614
42 73 -0.3848005096504984
42 75 -1.1051444479182426
42 76 -0.3629998673156118
42 79 -0.9979425632698761
43 0 0.9979425632698761
43 1 -0.2913629794972679
43 5 1.0224957100330649
43 12 -0.3848005096504984
43 17 0.3278088460904849
43 19 -0.1886657582489533
43 20 -1.0375607107891867
43 25 -0.0799308086264302
43 26 -0.1774933954618802
43 27 -0.2659767938209481
43 29 0.4065143470015986
43 32 0.5197804033771278
43 34 0.0493271533523701
43 37 0.2580497168263055
43 39 -1.0375607107891867
43 40 -0.1886657582489533
43 41 -0.2931745621228219
43 42 -0.3565559023066242
43 43 -4.6808129259776203
43 45 0.0804397510743616
43 47 0.2913629794972679
43 56 0.3474447929215658
43 57 0.2521339489679668
43 58 -0.7137104541912299
43 63 -0.3913516420768873
43 69 -0.4404779807210061
43 72 0.6229299342623614
43 74 0.3848005096504984
43 75 0.0359737502990869
43 78 -0.3629998673156118
43 80 0.9979425632698761
44 1 0.8727551074680914
44 10 0.2202389903605030
44 13 0.6229299342623614
44 16 -0.1969598289062796
44 21 0.2295359775921898
44 23 -0.8727551074680914
44 24 -0.2295812742112490
44 26 -0.5133593354973722
44 28 -0.4060160778849842
44 30 0.6887438226337471
44 33 -0.2580037345726277
44 34 0.1129479849225417
44 36 -0.2980651930977013
44 37 -0.2220409353769849
44 38 -0.0487121044316779
44 41 0.2482493126452881
44 42 -0.0804397510743616
44 44 -9.6612619425120361
44 45 -0.5744367353261677
44 46 0.3871605932392659
44 47 0.6953825644020930
44 49 -0.1011053641914217
44 59 -0.1922049002582099
44 60 0.1757166515881474
44 61 -0.3925892627125146
44 66 -0.2452239020439941
44 67 0.0661793208194737
44 71 -0.5142044952244369
44 76 -0.2256887934588583
44 77 -0.2256887934588583
44 78 0.2510135670938421
44 79 0.1255067835469210
45 1 0.4686308135962888
45 11 0.2202389903605030
45 13 0.3848005096504984
45 17 -0.1969598289062796
45 21 0.5866147158463797
45 23 0.3749046508770311
45 25 -0.2295812742112490
45 26 -0.7056519537228145
45 28 -0.7814551333136529
45 29 -0.3209188950263993
45 30 0.9467314421878495
45 33 1.5143818217739966
45 34 0.4511733315782523
45 35 0.0508745655623919
45 36 0.1255067835469210
45 37 -1.2370390288751967
45 39 -0.1525593765263688
45 40 0.0487121044316779
45 41 0.3364369892892780
45 43 0.0804397510743616
45 44 -0.5744367353261677
45 45 -1.8983160550918892
45 46 -0.3968557716263991
45 47 -0.5564250056004278
45 50 -0.1011053641914217
45 59 0.3484697154995322
45 60 -0.7137104541912299
45 63 0.3925892627125146
45 67 -0.5601085612303089
45 68 0.2452239020439941
45 72 0.5142044952244369
45 76 0.0487121044316779
45 77 -0.1525593765263688
45 78 0.9389738357774954
45 80 0.1255067835469210
46 1 0.4686308135962888
46 10 0.6826343211868554
46 15 -0.6229299342623614
46 18 -0.1969598289062796
46 21 -0.1330640791577111
46 23 0.3749046508770311
46 24 0.6311542947918996
46 27 0.5133593354973722
46 28 0.1631495540473344
46 29 0.0508745655623919
46 31 -0.6887438226337471
46 33 0.7814551333136529
46 34 -0.2659767938209481
46 35 0.3431009174312126
46 36 0.2510135670938421
46 38 0.4152198492209359
46 39 -0.1805020265391086
46 40 0.2220409353769849
46 41 -1.4267353473136482
46 42 0.2913629794972679
46 44 0.3871605932392659
46 45 -0.3968557716263991
46 46 -4.1411947820166963
46 47 0.4051723229650057
46 51 -0.1011053641914217
46 60 0.7420154444188114
46 61 -0.7290932091077451
46 62 -0.1922049002582099
46 66 -0.0661793208194737
46 70 0.0661793208194737
46 73 0.5142044952244369
46 76 0.2220409353769849
46 77 -0.1805020265391086
46 79 -0.7132850423186370
46 80 0.2510135670938421
47 1 -0.5830126794130323
47 11 -0.6826343211868554
47 15 0.3848005096504984
47 20 -0.1969598289062796
47 21 0.1087096214148664
47 23 1.7425171578177632
47 25 -0.6311542947918996
47 27 -0.7056519537228145
47 28 -0.1537137894739458
47 29 -0.8524676232545565
47 31 0.9467314421878495
47 33 0.1537137894739458
47 34 0.1774933954618802
47 35 0.8250637525667747
47 37 -0.2510135670938421
47 38 -0.1255067835469210
47 39 -0.2256887934588583
47 40 -0.5237539865565595
47 41 0.2806416996482677
47 43 0.2913629794972679
47 44 0.6953825644020930
47 45 -0.5564250056004278
47 46 0.4051723229650057
47 47 0.8100434656089908
47 53 -0.1011053641914217
47 60 0.2521339489679668
47 62 -0.3484697154995322
47 63 -0.7290932091077451
47 68 -0.0661793208194737
47 70 0.5601085612303089
47 74 -0.5142044952244369
47 78 0.2220409353769849
47 79 0.0487121044316779
48 2 -0.1969598289062796
48 3 0.4065143470015986
48 6 0.0493271533523701
48 7 -0.6521814402343425
48 12 0.3936584472944480
48 22 -1.0964063076759469
48 23 -0.5142044952244369
48 24 -0.0661793208194737
48 25 0.5601085612303089
48 30 0.3925892627125146
48 31 -0.7290932091077451
48 32 0.3474447929215658
48 39 -0.1011053641914217
48 48 -11.9292613408686226
48 50 -0.1525593765263688
48 51 -0.1805020265391086
48 52 0.5726523211193875
48 53 -0.2256887934588583
48 54 0.1716928731672461
48 55 0.0120405948913796
48 56 0.4578662652453163
48 57 -0.6607169710815093
48 58 0.1384442216310417
48 61 -0.6887438226337471
48 63 0.9467314421878495
48 64 0.6519792175662322
48 65 -1.2196651105760146
48 67 0.2295812742112490
48 69 0.3976464314002857
48 70 -0.6311542947918996
48 71 -0.8727551074680914
48 72 -0.3749046508770311
48 73 -0.3749046508770311
48 74 1.7425171578177632
49 2 -0.8727551074680914
49 4 -0.4924693537420057
49 6 0.4404779807210061
49 8 0.4924693537420057
49 10 0.0493271533523701
49 16 -0.3936584472944480
49 22 0.8727551074680914
49 24 -0.0984938707484011
49 26 -0.4404779807210061
49 28 -0.0661793208194737
49 30 0.0984938707484011
49 33 -0.3484697154995322
49 34 0.2521339489679668
49 36 0.8331452100135263
49 44 -0.1011053641914217
49 49 -17.1313889735259792
49 50 -0.0720469189029592
49 51 -0.0720469189029592
49 52 -0.6953825644020930
49 53 0.6953825644020930
49 54 0.2521339489679668
49 55 -0.3484697154995322
49 57 0.0493271533523701
49 59 -0.4867384221156713
49 60 0.1774933954618802
49 61 0.1537137894739458
49 62 0.1537137894739458
49 64 -0.0661793208194737
49 66 -0.4867384221156712
49 67 -0.1537137894739458
49 68 -0.1537137894739458
49 69 -0.1774933954618802
49 71 -0.1011053641914217
49 76 -0.7118465103468912
49 77 1.7425171578177632
50 2 -0.4686308135962888
50 5 -0.4924693537420057
50 7 0.4404779807210061
50 8 0.1835987436607290
50 11 0.0493271533523701
50 17 -0.3936584472944480
50 22 -0.0937261627192578
50 23 -0.1805020265391086
50 25 -0.0984938707484011
50 26 -0.4105392714089487
50 29 -0.0661793208194737
50 30 0.6703371657764000
50 33 -0.1922049002582099
50 34 0.7420154444188114
50 37 0.8331452100135263
50 45 -0.1011053641914217
50 48 -0.1525593765263688
50 49 -0.0720469189029592
50 50 -11.0422218427230341
50 51 -0.3968557716263991
50 52 -0.1692644123611619
50 53 -0.0972174934582027
50 54 -0.7137104541912299
50 56 0.3484697154995322
50 57 0.0519220627781111
50 59 -0.5553845141957772
50 60 -0.2659767938209481
50 62 0.7814551333136529
50 63 -0.1537137894739458
50 64 0.2452239020439941
50 66 0.0508745655623919
50 67 0.0921370641064308
50 68 -0.2025796470915509
50 69 -0.4511733315782523
50 72 0.1011053641914217
50 77 0.3749046508770311
50 78 0.7118465103468912
51 2 -0.4686308135962888
51 4 -0.1835987436607290
51 6 0.4105392714089487
51 9 -0.4924693537420057
51 10 0.0519220627781111
51 18 -0.3936584472944480
51 22 -0.0937261627192578
51 23 -0.1525593765263688
51 24 -0.6703371657764000
51 27 0.4404779807210061
51 28 0.2452239020439941
51 31 -0.0984938707484011
51 34 -0.7137104541912299
51 35 0.3484697154995322
51 38 0.8331452100135263
51 46 -0.1011053641914217
51 48 -0.1805020265391086
51 49 -0.0720469189029592
51 50 -0.3968557716263991
51 51 -11.0422218427230341
51 52 -0.1692644123611619
51 53 -0.0972174934582027
51 54 0.7420154444188114
51 55 -0.1922049002582099
51 58 0.0493271533523701
51 59 0.0508745655623919
51 60 0.4511733315782523
51 61 -0.0921370641064308
51 62 0.2025796470915509
51 65 -0.0661793208194737
51 66 -0.5553845141957772
51 68 -0.7814551333136529
51 69 0.2659767938209481
51 70 -0.1537137894739458
51 73 0.1011053641914217
51 77 0.3749046508770311
51 79 0.7118465103468912
52 2 -1.8713509887516224
52 3 0.3913516420768873
52 10 0.0493271533523701
52 11 -0.6521814402343425
52 19 -0.3936584472944480
52 22 1.0983480031484683
52 23 0.5726523211193875
52 28 -0.0661793208194737
52 29 0.5601085612303089
52 32 0.3913516420768873
52 33 0.3925892627125146
52 35 -0.7290932091077451
52 39 0.8331452100135263
52 48 0.5726523211193875
52 49 -0.6953825644020930
52 50 -0.1692644123611619
52 51 -0.1692644123611619
52 52 -6.0112924776516889
52 53 0.8728695426226144
52 55 0.3925892627125146
52 56 -0.7290932091077451
52 57 0.0493271533523701
52 58 -0.6521814402343425
52 60 -0.1716928731672461
52 61 0.1474692689328470
52 63 0.3946013580092403
52 64 -0.0661793208194737
52 65 0.5601085612303089
52 67 -0.1474692689328470
52 69 0.1716928731672461
52 70 0.3946013580092403
52 76 -0.8727551074680914
52 78 -0.3749046508770311
52 79 -0.3749046508770311
52 80 1.7425171578177632
53 2 0.5830126794130323
53 5 0.1835987436607290
53 7 -0.4105392714089487
53 9 0.1835987436607290
53 11 -0.0519220627781111
53 20 -0.3936584472944480
53 22 -1.3560156650161861
53 23 -0.2256887934588583
53 25 0.6703371657764000
53 27 -0.4105392714089487
53 29 -0.2452239020439941
53 31 0.6703371657764000
53 34 0.1757166515881474
53 35 -0.1922049002582099
53 40 0.8331452100135263
53 47 -0.1011053641914217
53 48 -0.2256887934588583
53 49 0.6953825644020930
53 50 -0.0972174934582027
53 51 -0.0972174934582027
53 52 0.8728695426226144
53 53 -7.7647623517145457
53 54 0.1757166515881474
53 56 -0.1922049002582099
53 58 -0.0519220627781111
53 60 0.1129479849225417
53 62 0.6404816970543621
53 63 -0.0921370641064308
53 65 -0.2452239020439941
53 68 -0.6404816970543621
53 69 -0.1129479849225417
53 70 -0.0921370641064308
53 74 -0.1011053641914217
53 77 -0.8727551074680914
53 80 -0.7118465103468912
54 3 -0.2018074007089588
54 13 0.0519220627781111
54 15 0.0493271533523701
54 22 -0.3976464314002857
54 24 -1.1051444479182426
54 25 -0.0359737502990869
54 26 -0.3848005096504984
54 27 -0.6229299342623614
54 30 -0.8604400973550779
54 31 0.2785827356460231
54 36 0.1757166515881474
54 37 -0.7137104541912299
54 38 0.7420154444188114
54 40 0.2521339489679668
54 41 0.3474447929215658
54 48 0.1716928731672461
54 49 0.2521339489679668
54 50 -0.7137104541912299
54 51 0.7420154444188114
54 53 0.1757166515881474
54 54 -10.2828780757309897
54 55 -0.3436871798669372
54 56 -0.2931745621228219
54 57 -0.1886657582489533
54 58 0.2580497168263055
54 59 0.0359737502990869
54 60 -0.9619964039685210
54 62 -1.1051444479182426
54 64 -0.3772635665691301
54 65 0.3930058715646842
54 66 -0.2785827356460231
54 68 -0.8604400973550779
54 71 0.1129479849225417
54 72 0.2659767938209481
54 73 -0.4511733315782523
54 74 0.1774933954618802
54 75 0.0799308086264302
54 77 -0.3976464314002857
55 3 -0.0804397510743616
55 4 -0.1969598289062796
55 6 -0.6664940334930611
55 12 -0.4924693537420057
55 14 -0.6521814402343425
55 22 -0.2295812742112490
55 24 -1.3352911948858417
55 25 -0.0487121044316779
55 28 0.5142044952244369
55 36 -0.3925892627125146
55 38 -0.7290932091077451
55 39 0.3484697154995322
55 42 0.3474447929215658
55 48 0.0120405948913796
55 49 -0.3484697154995322
55 51 -0.1922049002582099
55 52 0.3925892627125146
55 54 -0.3436871798669372
55 55 -8.7538707506942455
55 56 -0.2755031185407950
55 57 0.5866147158463797
55 58 -0.2295359775921898
55 59 -0.1525593765263688
55 61 0.4645736806687530
55 62 0.2256887934588583
55 63 -0.1255067835469210
55 64 0.7870262287405371
55 65 -0.2269020457409739
55 69 -0.8604400973550779
55 71 -0.2580037345726277
55 72 -0.7814551333136529
55 73 -1.5143818217739966
55 74 0.1537137894739458
55 76 0.2295812742112490
55 79 0.6311542947918996
56 3 -0.2913629794972679
56 5 0.1969598289062796
56 7 0.6664940334930611
56 12 0.1835987436607290
56 14 0.0493271533523701
56 22 -0.6311542947918996
56 24 -0.2510135670938421
56 25 0.6220061525672046
56 29 -0.5142044952244369
56 37 0.3925892627125146
56 39 -0.1922049002582099
56 40 -0.7290932091077451
56 43 0.3474447929215658
56 48 0.4578662652453163
56 50 0.3484697154995322
56 52 -0.7290932091077451
56 53 -0.1922049002582099
56 54 -0.2931745621228219
56 55 -0.2755031185407950
56 56 -5.1225045967749665
56 57 0.1087096214148664
56 58 -0.1330640791577111
56 61 0.2220409353769849
56 62 -0.1805020265391086
56 63 -0.4744001551087422
56 64 0.2269020457409739
56 65 -0.9498309386526880
56 69 0.2785827356460231
56 72 -0.3431009174312126
56 73 -0.0508745655623919
56 74 0.8250637525667746
56 78 0.2295812742112490
56 80 -0.6311542947918996
57 2 0.5133593354973722
57 4 -1.4267353473136482
57 5 -0.2482493126452881
57 8 -0.6664940334930611
57 12 -0.4404779807210061
57 16 0.0493271533523701
57 17 -0.6521814402343425
57 19 0.0493271533523701
57 26 0.0419250583036153
57 27 0.2220409353769849
57 32 0.2785827356460231
57 41 -0.7290932091077451
57 42 0.7420154444188114
57 43 0.2521339489679668
57 48 -0.6607169710815093
57 49 0.0493271533523701
57 50 0.0519220627781111
57 52 0.0493271533523701
57 54 -0.1886657582489533
57 55 0.5866147158463797
57 56 0.1087096214148664
57 57 -10.0449766142747094
57 58 -0.6320590208474193
57 59 0.2018074007089588
57 60 0.2913629794972679
57 61 -1.4267353473136482
57 63 0.2806416996482677
57 64 0.3685208537441925
57 67 -0.6664940334930611
57 71 0.2202389903605030
57 72 -0.6826343211868554
57 75 0.1723567211169314
57 76 0.5133593354973722
57 78 -0.7056519537228145
58 2 0.7056519537228145
58 4 -0.2806416996482677
58 5 -0.3364369892892780
58 9 0.6664940334930611
58 12 -0.4105392714089487
58 18 0.0493271533523701
58 19 0.0519220627781111
58 20 0.6521814402343425
58 26 0.1255067835469210
58 27 0.8970487774738800
58 32 -0.8604400973550779
58 41 0.3925892627125146
58 42 -0.1757166515881474
58 43 -0.7137104541912299
58 48 0.1384442216310417
58 51 0.0493271533523701
58 52 -0.6521814402343425
58 53 -0.0519220627781111
58 54 0.2580497168263055
58 55 -0.2295359775921898
58 56 -0.1330640791577111
58 57 -0.6320590208474193
58 58 -4.6132628748804905
58 60 0.0804397510743616
58 61 -0.2482493126452881
58 62 0.2018074007089588
58 63 0.3364369892892780
58 65 0.3685208537441925
58 70 -0.6664940334930611
58 73 -0.2202389903605030
58 74 -0.6826343211868554
58 75 0.4670320709608100
58 79 -0.5133593354973722
58 80 -0.7056519537228145
59 4 -0.4686308135962888
59 5 0.8727551074680914
59 14 0.4404779807210061
59 16 -0.1835987436607290
59 17 0.4924693537420057
59 21 -0.0493271533523701
59 24 -0.0937261627192578
59 25 -0.8727551074680914
59 26 0.6287342133314007
59 28 0.1805020265391086
59 34 -0.2785827356460231
59 36 -0.6703371657764000
59 37 0.0984938707484011
59 44 -0.1922049002582099
59 45 0.3484697154995322
59 49 -0.4867384221156713
59 50 -0.5553845141957772
59 51 0.0508745655623919
59 54 0.0359737502990869
59 55 -0.1525593765263688
59 57 0.2018074007089588
59 59 -10.1185333027814348
59 60 -0.2931745621228219
59 61 0.1692644123611619
59 62 0.2088749681566736
59 63 0.6953825644020930
59 66 -0.9498309386526880
59 68 0.2269020457409739
59 69 -0.3930058715646842
59 71 -0.2452239020439941
59 72 0.0661793208194737
59 76 0.0921370641064308
59 77 0.0921370641064310
59 78 -0.1537137894739458
60 3 0.6287342133314007
60 13 0.4105392714089487
60 15 0.4404779807210061
60 23 -0.3976464314002857
60 26 0.9979425632698761
60 27 -0.3629998673156118
60 28 1.1051444479182426
60 29 0.0359737502990869
60 33 0.8604400973550779
60 35 -0.2785827356460231
60 41 -0.3913516420768873
60 44 0.1757166515881474
60 45 -0.7137104541912299
60 46 0.7420154444188114
60 47 0.2521339489679668
60 49 0.1774933954618802
60 50 -0.2659767938209481
60 51 0.4511733315782523
60 52 -0.1716928731672461
60 53 0.1129479849225417
60 54 -0.9619964039685210
60 57 0.2913629794972679
60 58 0.0804397510743616
60 59 -0.2931745621228219
60 60 -3.2791629231686170
60 61 -0.3436871798669372
60 62 -0.3436871798669372
60 63 -0.2931745621228219
60 66 0.3930058715646842
60 67 -0.3772635665691301
60 68 -0.3772635665691301
60 70 0.3930058715646842
60 75 0.4065143470015986
60 76 -0.1129479849225417
60 77 0.1716928731672461
60 78 -0.2659767938209481
60 79 0.4511733315782523
60 80 -0.1774933954618802
61 3 0.3629998673156118
61 4 1.8713509887516224
61 10 0.6664940334930611
61 19 -0.4924693537420057
61 21 -0.6521814402343425
61 23 -0.2295812742112490
61 24 -1.0983480031484683
61 28 0.8115372083292822
61 29 0.0487121044316779
61 39 -0.0984938707484011
61 42 -0.3913516420768873
61 44 -0.3925892627125146
61 46 -0.7290932091077451
61 48 -0.6887438226337471
61 49 0.1537137894739458
61 51 -0.0921370641064308
61 52 0.1474692689328470
61 55 0.4645736806687530
61 56 0.2220409353769849
61 57 -1.4267353473136482
61 58 -0.2482493126452881
61 59 0.1692644123611619
61 60 -0.3436871798669372
61 61 -4.0756378681654581
61 62 0.8728695426226144
61 63 0.2809218870596328
61 67 0.7870262287405371
61 69 -0.3772635665691301
61 70 -0.2269020457409739
61 71 -0.0661793208194737
61 73 -0.5601085612303089
61 76 -0.2465062140607576
61 78 0.7814551333136529
61 79 0.6893180692072223
61 80 -0.1537137894739458
62 4 -0.5830126794130323
62 5 0.4686308135962888
62 14 0.4105392714089487
62 18 -0.1835987436607290
62 20 -0.4924693537420057
62 21 -0.0519220627781111
62 24 1.3560156650161861
62 25 0.0937261627192578
62 27 -0.6287342133314007
62 28 -0.2256887934588583
62 29 -0.1525593765263688
62 34 0.8604400973550779
62 38 -0.6703371657764000
62 40 -0.0984938707484011
62 46 -0.1922049002582099
62 47 -0.3484697154995322
62 49 0.1537137894739458
62 50 0.7814551333136529
62 51 0.2025796470915509
62 53 0.6404816970543621
62 54 -1.1051444479182426
62 55 0.2256887934588583
62 56 -0.1805020265391086
62 58 0.2018074007089588
62 59 0.2088749681566736
62 60 -0.3436871798669372
62 61 0.8728695426226144
62 62 -4.9523728051968874
62 63 0.1692644123611619
62 66 -0.2269020457409739
62 68 0.7870262287405371
62 69 -0.3772635665691301
62 73 0.2452239020439941
62 74 0.0661793208194737
62 77 0.2465062140607575
62 79 -0.0921370641064308
62 80 -0.1537137894739458
63 3 0.9979425632698761
63 5 -1.8713509887516224
63 11 -0.6664940334930611
63 19 0.1835987436607290
63 21 0.0493271533523701
63 23 -0.6311542947918996
63 25 1.0983480031484683
63 28 0.2510135670938421
63 29 -0.0982521660106450
63 39 0.6703371657764000
63 43 -0.3913516420768873
63 45 0.3925892627125146
63 47 -0.7290932091077451
63 48 0.9467314421878495
63 50 -0.1537137894739458
63 52 0.3946013580092403
63 53 -0.0921370641064308
63 55 -0.1255067835469210
63 56 -0.4744001551087422
63 57 0.2806416996482677
63 58 0.3364369892892780
63 59 0.6953825644020930
63 60 -0.2931745621228219
63 61 0.2809218870596328
63 62 0.1692644123611619
63 63 0.9007314409842357
63 67 0.2269020457409739
63 69 -0.3930058715646842
63 70 -0.9498309386526880
63 72 -0.0661793208194737
63 74 0.5601085612303089
63 78 -0.1614090312021727
63 79 0.0508745655623919
64 6 -1.4267353473136482
64 7 -0.2482493126452881
64 8 -0.1969598289062796
64 12 0.4924693537420057
64 13 -0.4065143470015986
64 22 0.6887438226337471
64 30 -0.0591803058878065
64 31 0.2220409353769849
64 32 -0.6229299342623614
64 33 0.5142044952244369
64 36 0.0661793208194737
64 37 -0.5601085612303089
64 39 0.0661793208194737
64 48 0.6519792175662322
64 49 -0.0661793208194737
64 50 0.2452239020439941
64 52 -0.0661793208194737
64 54 -0.3772635665691301
64 55 0.7870262287405371
64 56 0.2269020457409739
64 57 0.3685208537441925
64 64 -10.1930466418596808
64 65 -0.6860942100246386
64 66 0.1805020265391086
64 67 -0.8115372083292822
64 68 0.2256887934588583
64 69 -1.1051444479182426
64 70 0.2510135670938421
64 71 -0.4060160778849842
64 72 -0.1631495540473344
64 73 0.7814551333136529
64 74 -0.1537137894739458
64 75 -0.1384442216310417
64 76 -0.6887438226337471
64 78 0.9467314421878495
65 6 -0.2806416996482677
65 7 -0.3364369892892780
65 9 0.1969598289062796
65 12 0.1835987436607290
65 15 0.4065143470015986
65 22 0.9467314421878495
65 30 0.1255067835469210
65 31 0.9981541416653019
65 32 -0.3848005096504984
65 35 -0.5142044952244369
65 38 0.0661793208194737
65 39 -0.2452239020439941
65 40 0.5601085612303089
65 48 -1.2196651105760146
65 51 -0.0661793208194737
65 52 0.5601085612303089
65 53 -0.2452239020439941
65 54 0.3930058715646842
65 55 -0.2269020457409739
65 56 -0.9498309386526880
65 58 0.3685208537441925
65 64 -0.6860942100246386
65 65 -4.3188017610155933
65 67 -0.0487121044316779
65 68 0.1525593765263688
65 69 -0.0359737502990869
65 70 -0.0982521660106450
65 72 -0.0508745655623919
65 73 0.3209188950263993
65 74 -0.8524676232545565
65 75 -0.6607169710815093
65 79 0.6887438226337471
65 80 0.9467314421878495
66 6 -0.6287342133314007
66 8 0.4686308135962888
66 9 0.8727551074680914
66 10 0.2018074007089588
66 16 -0.1835987436607290
66 18 0.4924693537420057
66 30 0.0937261627192578
66 31 -0.8727551074680914
66 33 -0.1525593765263688
66 34 0.0359737502990869
66 36 -0.6703371657764000
66 38 0.0984938707484011
66 41 0.4404779807210061
66 44 -0.2452239020439941
66 46 -0.0661793208194737
66 49 -0.4867384221156712
66 50 0.0508745655623919
66 51 -0.5553845141957772
66 54 -0.2785827356460231
66 59 -0.9498309386526880
66 60 0.3930058715646842
66 62 -0.2269020457409739
66 64 0.1805020265391086
66 66 -10.1185333027814348
66 67 -0.1692644123611619
66 68 -0.2088749681566736
66 69 0.2931745621228219
66 70 0.6953825644020930
66 71 -0.1922049002582099
66 73 -0.3484697154995322
66 75 0.0493271533523701
66 76 0.0921370641064308
66 77 0.0921370641064310
66 79 -0.1537137894739458
67 8 1.8713509887516224
67 10 1.4267353473136482
67 11 0.2482493126452881
67 13 0.3913516420768873
67 19 0.4924693537420057
67 23 0.6887438226337471
67 30 -1.0983480031484683
67 32 -0.3629998673156118
67 33 -0.4645736806687530
67 35 -0.2220409353769849
67 39 0.0984938707484011
67 44 0.0661793208194737
67 45 -0.5601085612303089
67 48 0.2295812742112490
67 49 -0.1537137894739458
67 50 0.0921370641064308
67 52 -0.1474692689328470
67 57 -0.6664940334930611
67 60 -0.3772635665691301
67 61 0.7870262287405371
67 63 0.2269020457409739
67 64 -0.8115372083292822
67 65 -0.0487121044316779
67 66 -0.1692644123611619
67 67 -4.0756378681654581
67 68 0.8728695426226144
67 69 -0.3436871798669372
67 70 -0.2809218870596328
67 71 0.3925892627125146
67 72 -0.7290932091077451
67 75 -0.6521814402343425
67 76 0.2465062140607576
67 78 -0.6893180692072222
67 79 -0.7814551333136529
67 80 0.1537137894739458
68 7 0.6287342133314007
68 8 -0.5830126794130323
68 9 -0.4686308135962888
68 11 -0.2018074007089588
68 17 0.1835987436607290
68 20 0.4924693537420057
68 30 1.3560156650161861
68 31 -0.0937261627192578
68 33 -0.2256887934588583
68 34 1.1051444479182426
68 35 0.1805020265391086
68 37 0.6703371657764000
68 40 0.0984938707484011
68 41 -0.4105392714089487
68 45 0.2452239020439941
68 47 -0.0661793208194737
68 49 -0.1537137894739458
68 50 -0.2025796470915509
68 51 -0.7814551333136529
68 53 -0.6404816970543621
68 54 -0.8604400973550779
68 59 0.2269020457409739
68 60 -0.3772635665691301
68 62 0.7870262287405371
68 64 0.2256887934588583
68 65 0.1525593765263688
68 66 -0.2088749681566736
68 67 0.8728695426226144
68 68 -4.9523728051968874
68 69 -0.3436871798669372
68 70 -0.1692644123611619
68 72 -0.1922049002582099
68 74 0.3484697154995322
68 75 -0.0519220627781111
68 77 -0.2465062140607575
68 78 0.0921370641064308
68 80 0.1537137894739458
69 6 0.9979425632698761
69 7 0.3629998673156118
69 10 -0.2913629794972679
69 11 -0.0804397510743616
69 14 0.3913516420768873
69 21 0.4065143470015986
69 32 -0.6287342133314007
69 34 0.9619964039685210
69 42 -0.4105392714089487
69 43 -0.4404779807210061
69 48 0.3976464314002857
69 49 -0.1774933954618802
69 50 -0.4511733315782523
69 51 0.2659767938209481
69 52 0.1716928731672461
69 53 -0.1129479849225417
69 55 -0.8604400973550779
69 56 0.2785827356460231
69 59 -0.3930058715646842
69 61 -0.3772635665691301
69 62 -0.3772635665691301
69 63 -0.3930058715646842
69 64 -1.1051444479182426
69 65 -0.0359737502990869
69 66 0.2931745621228219
69 67 -0.3436871798669372
69 68 -0.3436871798669372
69 69 -3.2791629231686170
69 70 0.2931745621228219
69 71 -0.1757166515881474
69 72 0.7420154444188114
69 73 -0.7137104541912299
69 74 -0.2521339489679668
69 76 0.1129479849225417
69 77 -0.1716928731672461
69 78 -0.4511733315782523
69 79 0.2659767938209481
69 80 0.1774933954618802
70 9 -1.8713509887516224
70 10 0.2806416996482677
70 11 0.3364369892892780
70 15 -0.3913516420768873
70 19 0.1835987436607290
70 23 0.9467314421878495
70 31 1.0983480031484683
70 32 0.9979425632698761
70 33 -0.1255067835469210
70 35 -0.4744001551087422
70 39 0.6703371657764000
70 46 0.0661793208194737
70 47 0.5601085612303089
70 48 -0.6311542947918996
70 51 -0.1537137894739458
70 52 0.3946013580092403
70 53 -0.0921370641064308
70 58 -0.6664940334930611
70 60 0.3930058715646842
70 61 -0.2269020457409739
70 63 -0.9498309386526880
70 64 0.2510135670938421
70 65 -0.0982521660106450
70 66 0.6953825644020930
70 67 -0.2809218870596328
70 68 -0.1692644123611619
70 69 0.2931745621228219
70 70 0.9007314409842357
70 73 -0.3925892627125146
70 74 -0.7290932091077451
70 75 -0.0493271533523701
70 78 0.0508745655623919
70 79 -0.1614090312021727
71 6 0.5133593354973722
71 12 0.8727551074680914
71 13 -0.0804397510743616
71 14 0.2482493126452881
71 16 -0.1969598289062796
71 24 -0.6887438226337471
71 30 0.2295812742112490
71 36 -0.2980651930977013
71 37 -0.0487121044316779
71 38 -0.2220409353769849
71 42 0.6229299342623614
71 44 -0.5142044952244369
71 48 -0.8727551074680914
71 49 -0.1011053641914217
71 54 0.1129479849225417
71 55 -0.2580037345726277
71 57 0.2202389903605030
71 59 -0.2452239020439941
71 61 -0.0661793208194737
71 64 -0.4060160778849842
71 66 -0.1922049002582099
71 67 0.3925892627125146
71 69 -0.1757166515881474
71 71 -9.6612619425120361
71 72 -0.3871605932392659
71 73 0.5744367353261677
71 74 0.6953825644020930
71 75 -0.2295359775921898
71 76 -0.2256887934588583
71 77 -0.2256887934588583
71 78 0.1255067835469210
71 79 0.2510135670938421
72 7 -0.5133593354973722
72 12 -0.4686308135962888
72 13 -0.2913629794972679
72 14 1.4267353473136482
72 17 0.1969598289062796
72 25 0.6887438226337471
72 30 0.6311542947918996
72 36 -0.2510135670938421
72 37 -0.4152198492209359
72 39 0.1805020265391086
72 40 -0.2220409353769849
72 43 0.6229299342623614
72 45 0.5142044952244369
72 48 -0.3749046508770311
72 50 0.1011053641914217
72 54 0.2659767938209481
72 55 -0.7814551333136529
72 56 -0.3431009174312126
72 57 -0.6826343211868554
72 59 0.0661793208194737
72 63 -0.0661793208194737
72 64 -0.1631495540473344
72 65 -0.0508745655623919
72 67 -0.7290932091077451
72 68 -0.1922049002582099
72 69 0.7420154444188114
72 71 -0.3871605932392659
72 72 -4.1411947820166963
72 73 -0.3968557716263991
72 74 -0.4051723229650058
72 75 -0.1330640791577111
72 76 -0.2220409353769849
72 77 0.1805020265391086
72 78 0.7132850423186370
72 80 -0.2510135670938421
73 6 -0.7056519537228145
73 12 -0.4686308135962888
73 14 -0.3364369892892780
73 15 -0.0804397510743616
73 18 0.1969598289062796
73 24 0.9467314421878495
73 31 0.2295812742112490
73 36 -0.1255067835469210
73 38 1.2370390288751967
73 39 0.1525593765263688
73 40 -0.0487121044316779
73 42 -0.3848005096504984
73 46 0.5142044952244369
73 48 -0.3749046508770311
73 51 0.1011053641914217
73 54 -0.4511733315782523
73 55 -1.5143818217739966
73 56 -0.0508745655623919
73 58 -0.2202389903605030
73 61 -0.5601085612303089
73 62 0.2452239020439941
73 64 0.7814551333136529
73 65 0.3209188950263993
73 66 -0.3484697154995322
73 69 -0.7137104541912299
73 70 -0.3925892627125146
73 71 0.5744367353261677
73 72 -0.3968557716263991
73 73 -1.8983160550918892
73 74 0.5564250056004278
73 75 0.5866147158463797
73 76 -0.0487121044316779
73 77 0.1525593765263688
73 79 -0.9389738357774954
73 80 -0.1255067835469210
74 7 -0.7056519537228145
74 12 -0.5830126794130323
74 14 0.2806416996482677
74 15 0.2913629794972679
74 20 -0.1969598289062796
74 25 0.9467314421878495
74 31 -0.6311542947918996
74 37 -0.1255067835469210
74 38 -0.2510135670938421
74 39 -0.2256887934588583
74 40 -0.5237539865565596
74 43 0.3848005096504984
74 47 -0.5142044952244369
74 48 1.7425171578177632
74 53 -0.1011053641914217
74 54 0.1774933954618802
74 55 0.1537137894739458
74 56 0.8250637525667746
74 58 -0.6826343211868554
74 62 0.0661793208194737
74 63 0.5601085612303089
74 64 -0.1537137894739458
74 65 -0.8524676232545565
74 68 0.3484697154995322
74 69 -0.2521339489679668
74 70 -0.7290932091077451
74 71 0.6953825644020930
74 72 -0.4051723229650058
74 73 0.5564250056004278
74 74 0.8100434656089908
74 75 -0.1087096214148664
74 78 0.0487121044316779
74 79 0.2220409353769849
75 8 -0.7056519537228145
75 9 -0.5133593354973722
75 12 0.6287342133314007
75 16 -0.2806416996482677
75 17 -0.3364369892892780
75 18 1.4267353473136482
75 19 0.2018074007089588
75 20 -0.2482493126452881
75 26 0.9467314421878495
75 27 0.6887438226337471
75 32 -0.3976464314002857
75 41 -0.1401772243142603
75 42 -1.1051444479182426
75 43 0.0359737502990869
75 54 0.0799308086264302
75 57 0.1723567211169314
75 58 0.4670320709608100
75 60 0.4065143470015986
75 64 -0.1384442216310417
75 65 -0.6607169710815093
75 66 0.0493271533523701
75 67 -0.6521814402343425
75 68 -0.0519220627781111
75 70 -0.0493271533523701
75 71 -0.2295359775921898
75 72 -0.1330640791577111
75 73 0.5866147158463797
75 74 -0.1087096214148664
75 75 -3.6223797727880482
75 76 0.2482493126452881
75 77 -0.2018074007089588
75 78 -0.3364369892892780
75 79 1.4267353473136482
75 80 0.2806416996482677
76 10 0.5133593354973722
76 13 -0.3629998673156118
76 16 -1.8713509887516224
76 19 -0.8727551074680914
76 21 -0.2482493126452881
76 28 -0.6887438226337471
76 33 0.2295812742112490
76 36 1.0983480031484683
76 39 0.8727551074680914
76 42 -0.3629998673156118
76 44 -0.2256887934588583
76 45 0.0487121044316779
76 46 0.2220409353769849
76 49 -0.7118465103468912
76 52 -0.8727551074680914
76 55 0.2295812742112490
76 57 0.5133593354973722
76 59 0.0921370641064308
76 60 -0.1129479849225417
76 61 -0.2465062140607576
76 64 -0.6887438226337471
76 66 0.0921370641064308
76 67 0.2465062140607576
76 69 0.1129479849225417
76 71 -0.2256887934588583
76 72 -0.2220409353769849
76 73 -0.0487121044316779
76 75 0.2482493126452881
76 76 -4.7835891495059606
76 77 0.8728695426226144
76 78 0.1692644123611619
76 79 0.1692644123611619
76 80 0.6953825644020930
77 14 0.6287342133314007
77 16 0.5830126794130323
77 17 -0.4686308135962888
77 18 -0.4686308135962888
77 20 -0.8727551074680914
77 21 0.2018074007089588
77 34 -0.3976464314002857
77 36 -1.3560156650161861
77 37 -0.0937261627192578
77 38 -0.0937261627192578
77 40 0.8727551074680914
77 41 0.6287342133314007
77 44 -0.2256887934588583
77 45 -0.1525593765263688
77 46 -0.1805020265391086
77 49 1.7425171578177632
77 50 0.3749046508770311
77 51 0.3749046508770311
77 53 -0.8727551074680914
77 54 -0.3976464314002857
77 59 0.0921370641064310
77 60 0.1716928731672461
77 62 0.2465062140607575
77 66 0.0921370641064310
77 68 -0.2465062140607575
77 69 -0.1716928731672461
77 71 -0.2256887934588583
77 72 0.1805020265391086
77 73 0.1525593765263688
77 75 -0.2018074007089588
77 76 0.8728695426226144
77 77 -4.7835891495059606
77 78 0.1692644123611619
77 79 0.1692644123611619
77 80 -0.6953825644020930
78 11 -0.5133593354973722
78 13 -0.9979425632698761
78 17 1.8713509887516224
78 19 0.4686308135962888
78 21 -1.4267353473136482
78 29 0.6887438226337471
78 33 0.6311542947918996
78 37 -1.0983480031484683
78 39 0.0937261627192578
78 43 -0.3629998673156118
78 44 0.2510135670938421
78 45 0.9389738357774954
78 47 0.2220409353769849
78 50 0.7118465103468912
78 52 -0.3749046508770311
78 56 0.2295812742112490
78 57 -0.7056519537228145
78 59 -0.1537137894739458
78 60 -0.2659767938209481
78 61 0.7814551333136529
78 63 -0.1614090312021727
78 64 0.9467314421878495
78 67 -0.6893180692072222
78 68 0.0921370641064308
78 69 -0.4511733315782523
78 70 0.0508745655623919
78 71 0.1255067835469210
78 72 0.7132850423186370
78 74 0.0487121044316779
78 75 -0.3364369892892780
78 76 0.1692644123611619
78 77 0.1692644123611619
78 78 2.0814811662197936
78 79 -0.3968557716263991
79 10 -0.7056519537228145
79 15 -0.3629998673156118
79 18 1.8713509887516224
79 19 0.4686308135962888
79 21 0.3364369892892780
79 28 0.9467314421878495
79 35 0.2295812742112490
79 38 -1.0983480031484683
79 39 0.0937261627192578
79 42 -0.9979425632698761
79 44 0.1255067835469210
79 46 -0.7132850423186370
79 47 0.0487121044316779
79 51 0.7118465103468912
79 52 -0.3749046508770311
79 55 0.6311542947918996
79 58 -0.5133593354973722
79 60 0.4511733315782523
79 61 0.6893180692072223
79 62 -0.0921370641064308
79 63 0.0508745655623919
79 65 0.6887438226337471
79 66 -0.1537137894739458
79 67 -0.7814551333136529
79 69 0.2659767938209481
79 70 -0.1614090312021727
79 71 0.2510135670938421
79 73 -0.9389738357774954
79 74 0.2220409353769849
79 75 1.4267353473136482
79 76 0.1692644123611619
79 77 0.1692644123611619
79 78 -0.3968557716263991
79 79 2.0814811662197936
80 11 -0.7056519537228145
80 15 0.9979425632698761
80 19 0.5830126794130323
80 20 -1.8713509887516224
80 21 -0.2806416996482677
80 29 0.9467314421878495
80 35 -0.6311542947918996
80 39 -1.3560156650161861
80 40 1.0983480031484683
80 43 0.9979425632698761
80 45 0.1255067835469210
80 46 0.2510135670938421
80 52 1.7425171578177632
80 53 -0.7118465103468912
80 56 -0.6311542947918996
80 58 -0.7056519537228145
80 60 -0.1774933954618802
80 61 -0.1537137894739458
80 62 -0.1537137894739458
80 65 0.9467314421878495
80 67 0.1537137894739458
80 68 0.1537137894739458
80 69 0.1774933954618802
80 72 -0.2510135670938421
80 73 -0.1255067835469210
80 75 0.2806416996482677
80 76 0.6953825644020930
80 77 -0.6953825644020930
80 80 6.1348438421510902
